0 0.6796296296296296 0.1957142857142857 0.8296296296296296 0.33285714285714285
0 0.4111111111111111 0.14142857142857143 0.48148148148148145 0.39714285714285713
0 0.4537037037037037 0.13428571428571429 0.5055555555555555 0.3942857142857143
0 0.5018518518518519 0.15571428571428572 0.5462962962962963 0.3942857142857143
0 0.5407407407407407 0.17285714285714285 0.587037037037037 0.3914285714285714
0 0.5796296296296296 0.18 0.6203703703703703 0.3942857142857143
0 0.6166666666666667 0.18 0.6611111111111111 0.39571428571428574
0 0.6888888888888889 0.13428571428571429 0.7574074074074074 0.39571428571428574
0 0.7481481481481481 0.12142857142857143 0.7962962962962963 0.41
0 0.7870370370370371 0.15142857142857144 0.8703703703703703 0.33
0 0.26296296296296295 0.28285714285714286 0.3814814814814815 0.3942857142857143
0 0.23703703703703705 0.17857142857142858 0.3055555555555556 0.4042857142857143
0 0.19074074074074074 0.17142857142857143 0.25 0.40714285714285714
0 0.15185185185185185 0.18 0.2074074074074074 0.39714285714285713
0 0.10925925925925926 0.2042857142857143 0.2111111111111111 0.39
0 0.06481481481481481 0.1657142857142857 0.10740740740740741 0.35285714285714287
0 0.012962962962962963 0.17714285714285713 0.06851851851851852 0.33714285714285713
0 0.001851851851851852 0.5514285714285714 0.2 0.65
