0 0.590625 0.21577380952380953 0.86875 0.2916666666666667
0 0.690625 0.17559523809523808 0.89375 0.23958333333333334
0 0.41875 0.12053571428571429 0.609375 0.16666666666666666
0 0.15625 0.13541666666666666 0.340625 0.17857142857142858
0 0.121875 0.28422619047619047 0.39375 0.35267857142857145
0 0.340625 0.38244047619047616 0.78125 0.46130952380952384
0 1.16875 0.21875 1.478125 0.27976190476190477
0 1.3875 0.11011904761904762 1.528125 0.14136904761904762
0 1.421875 0.06101190476190476 1.48125 0.09523809523809523
0 1.315625 0.06398809523809523 1.396875 0.09077380952380952
0 1.24375 0.09970238095238096 1.375 0.13095238095238096
0 1.103125 0.06696428571428571 1.196875 0.09375
0 0.809375 0.08035714285714286 0.95 0.11458333333333333
0 0.096875 0.12351190476190477 0.18125 0.14136904761904762
0 1.65 0.07291666666666667 1.753125 0.09821428571428571
